0 0 0 0
1 0 1 0
48 6 0 0
32 4 0 0
16 2 0 0
2 0 2 0
49 6 1 0
33 4 1 0
17 2 1 0
3 0 3 0
50 6 2 0
34 4 2 0
18 2 2 0
4 0 4 0
51 6 3 0
35 4 3 0
19 2 3 0
5 0 5 0
52 6 4 0
36 4 4 0
20 2 4 0
6 0 6 0
53 6 5 0
37 4 5 0
21 2 5 0
7 0 7 0
54 6 6 0
38 4 6 0
22 2 6 0
8 1 0 0
55 6 7 0
39 4 7 0
23 2 7 0
9 1 1 0
56 7 0 0
40 5 0 0
24 3 0 0
10 1 2 0
57 7 1 0
41 5 1 0
25 3 1 0
11 1 3 0
58 7 2 0
42 5 2 0
26 3 2 0
12 1 4 0
59 7 3 0
43 5 3 0
27 3 3 0
13 1 5 0
60 7 4 0
44 5 4 0
28 3 4 0
14 1 6 0
61 7 5 0
45 5 5 0
29 3 5 0
15 1 7 0
62 7 6 0
46 5 6 0
30 3 6 0
63 7 7 0
47 5 7 0
31 3 7 0
2D : ave. = 0.003965
0 0 0 0
32 2 0 0
16 1 0 0
1 0 0 1
48 3 0 0
33 2 0 1
17 1 0 1
2 0 0 2
49 3 0 1
34 2 0 2
18 1 0 2
3 0 0 3
50 3 0 2
35 2 0 3
19 1 0 3
4 0 1 0
51 3 0 3
36 2 1 0
20 1 1 0
5 0 1 1
52 3 1 0
37 2 1 1
21 1 1 1
6 0 1 2
53 3 1 1
38 2 1 2
22 1 1 2
7 0 1 3
54 3 1 2
39 2 1 3
23 1 1 3
8 0 2 0
55 3 1 3
40 2 2 0
24 1 2 0
9 0 2 1
56 3 2 0
41 2 2 1
25 1 2 1
10 0 2 2
57 3 2 1
42 2 2 2
26 1 2 2
11 0 2 3
58 3 2 2
43 2 2 3
27 1 2 3
12 0 3 0
59 3 2 3
44 2 3 0
28 1 3 0
13 0 3 1
60 3 3 0
45 2 3 1
29 1 3 1
14 0 3 2
61 3 3 1
46 2 3 2
30 1 3 2
15 0 3 3
62 3 3 2
47 2 3 3
31 1 3 3
63 3 3 3
3D : ave. = 0.002966
